10
50 7320
4426 3230 5781 1515 1296 4756 8098 8164 9476 5530 3944 6869 3288 3988 4030 698 937 5057 4157 1929 4386 6400 1939 8454 3774 5840 8980 1724 5979 7644 1532 4503 6508 4051 4726 7808 5201 2121 1574 5472 475 3438 973 544 4228 587 5739 158 2214 6288
38 7130
2229 3663 5799 3212 1817 3280 2402 5406 5577 9063 8719 9257 2102 3372 4898 8181 1634 6175 6225 7987 2322 7097 9343 1620 8577 2244 4737 4269 1303 779 9121 4862 6084 7954 3865 1514 5723 2936
78 7442
3296 372 6822 7629 1924 5191 1169 1299 5057 8298 277 7701 5401 401 6063 9138 3551 1205 8915 4533 292 3055 1405 4958 4777 1290 4727 7608 5372 9169 7963 7600 4319 2008 883 4079 5232 9494 1403 9628 526 8924 317 8027 2303 9677 3706 8046 7463 997 7430 8037 9807 5737 8100 739 3061 4188 3164 7022 3929 5257 2223 8453 6122 9243 6133 6913 1110 2538 5100 2090 1701 1966 6227 9034 1922 5809
8 2472
965 5597 4381 116 8407 3956 1303 1871
87 2580
7831 5904 270 9803 4693 1375 6869 5266 2520 2923 4306 5718 9833 8555 1880 6566 8250 7184 8271 4245 5011 958 7838 3774 6724 1511 1718 7345 4250 8471 7111 1141 3409 8585 5112 1770 3022 8702 3725 7436 6910 7559 1132 8039 2160 6537 350 4606 6921 6306 5757 1022 3793 3356 1382 7310 2368 1616 7039 772 8625 9308 106 3101 6502 3010 5787 5586 8870 5245 5384 6665 5990 2321 6745 6011 1290 4366 1110 5348 2795 9910 4070 5190 4721 5828 8051
45 7869
4510 1205 2773 9388 797 3129 3334 9399 8543 2513 8830 462 9266 6631 655 2444 1622 6637 7152 1304 7525 2155 554 4505 9048 4650 1792 764 8619 2049 4299 5468 3742 8371 9623 691 4229 1237 4598 9649 5704 1223 9688 1538 1116
59 8388
8951 8155 270 6011 1230 1033 7154 689 5558 5207 7192 6821 8933 6932 7950 2831 317 8759 8702 8090 3617 9760 3713 527 1773 4804 2540 807 3585 3196 5332 4156 6002 6886 568 4755 6914 2068 5916 4796 3692 6779 6530 9716 5570 56 8869 5763 6769 16 9685 418 354 1919 7827 672 5099 7573 3241
79 5210
7189 9336 9406 60 992 3893 708 8068 2766 2351 8661 1260 6656 2435 4055 2227 5503 4872 4744 2016 3857 3315 2945 6407 3272 7159 9143 9108 1369 8139 1501 6445 8480 5505 4993 9356 4968 7202 7459 403 7661 9152 3664 672 6629 3253 8555 5323 1120 3050 8197 1579 4241 4230 4357 1216 4774 2299 9931 9307 2473 8331 1481 9084 192 37 2713 880 6817 6264 9556 6220 3970 4781 5252 6093 1549 5914 9667
62 4266
4033 6636 9890 8663 7595 1174 6491 7725 6979 7319 6032 5431 5403 5378 5750 3094 9972 3048 2957 3518 8878 773 1312 2807 4679 3464 1653 2328 8528 9377 9135 1945 904 5816 4257 9127 5486 9925 3886 6808 4782 2576 3336 9246 4336 5751 3185 7316 2701 9265 7568 3587 2859 1157 4391 9003 9244 7485 9142 4134 2173 1690
6 4
1 2 7 9 11 35