692809712
692809712
612809712
OFF
682809712
682809712
ON
682809512
OFF
682809576
0
OFF
OFF
4194304
0
524288
524988
526012
2
6
6000000006
0
0
OFF
OFF
0
1000000000
1000003000
1000003000
OFF
1000003000
OFF
8000003000
8000003000
8005003000
8005003020
8005007116
6
OFF
OFF
OFF
50000006
50000038
50008038
50008046
50008046
500010046
ON
500007998
ON
0
0
0
OFF
OFF
16384
OFF
OFF
1064960
401064960
ON
6
0
100
1
OFF
OFF
400001
OFF
600001
600001
ON
0
0
0
200000000
0
0
0
7000000
7004096
7004098
2809794
2809724
2829724
ON
2829726
OFF
2429726
OFF
2
OFF
33554434
33554434
33554432
33554432
33554432
33554432
OFF
5
4005
0
0
0
0
0
OFF
80000
0
3
0
0
OFF
1000
1000
OFF
800001000
800001000
800001000
800001000
840001000
840001000
OFF
8
8
38
400000038
399967270
ON
9
9
1048585
2001048585
ON
2003145737
ON
OFF
2003145737
ON
2003645737
2003645737
OFF
2003645737
2003645737
2003647737
2003637737
2003637481
2003737481
2003437481
2004486057
0
1
1
1
4000001
4000004
OFF
3737860
33737860
33733860
179428
179300
179300
177300
0
0
OFF
65536
65536
965536
80965536
ON
80965536
80965536
13856672
913856672
913856680
213856680
213856680
313856680
313856682
313856682
316856682
316856682
326856682
326860778
ON
3268607108
3268476036
7268476036
OFF
7268476036
8
OFF
8
0
OFF
700000
962144
962144
700962144
ON
7
5000000007
5268435463
5268173319
OFF
OFF
5248173319
5248173319
5248173319
ON
5248133319
5250230471
5250230471
5250230471
OFF
5
2053
5
1
801
769
769
OFF
469
981
981
6
262
0
OFF
32
OFF
32
39
OFF
55
8055
4055
4065
0
600000000
600000000
6
0
4
4
0
0
OFF
4
65540
268500996
268501060
268500996
268500996
268500996
OFF
65540
OFF
134283268
OFF
134283268
2
2
0
0
0
0
10000
OFF
OFF
OFF
9488
9552
9
32777
33587209
33587209
OFF
33587209
7
0
OFF
OFF
0
9000000
9000000
9000016
9000816
6
6
518
534
16777750
16777750
OFF
OFF
16777750
7
135
135
135
135
30000135
OFF
OFF
30000391
30000391
ON
30000391
30000361
ON
30000361
0
OFF
8000000000
8000002048
8000002048
8
4104
0
0
50
5
1
OFF
524289
786433
OFF
787457
8787457
8787457
8
8
8
0
OFF
300000
300900
900900
3000900900
3000900900
0
64
0
OFF
0
0
OFF
0
0
OFF
OFF
8388608
508388608
0
OFF
131072
131078
131086
6
0
400000
0
0
0
OFF
2
10
2097162
1097162
0
0
6000000
OFF
0
50
ON
OFF
OFF
1048626
OFF
OFF
1048627
1048627
9437235
8388659
10008388659
10008388659
10008288659
10008288659
10008288659
9941179795
1
OFF
65
95
95
OFF
ON
91
OFF
91
0
1000000000
999475712
9994105712
6994105712
6994105712
6994105712
OFF
ON
5
65541
65511
0
50
OFF
OFF
OFF
50
10000050
70000050
0
OFF
0
0
OFF
OFF
134217728
7
7
0
65536
5
5
5
8000000005
8000000005
8000000013
8000020013
8000020005
8033574437
ON
8033574437
OFF
3
524291
OFF
9
0
10000
10000
ON
14096
134231824
4
500000004
509000004
504805700
0
OFF
OFF
0
500
7000500
5
30005
130005
130005
ON
0
0
524288
2
2
131074
OFF
131074
196610
196610
196610
196610
196611
196609
458753
OFF
458753
600458753
600458753
OFF
0
0
OFF
8
8
1048584
OFF
0
30000
13616
33568048
33699120
OFF
8033699120
6
6
6
67108870
OFF
67109126
0
0
20000000
10020000000
10020009000
0
OFF
OFF
0
0
OFF
0
16
616
ON
616
OFF
1
1
257
2097409
2097449
7
16777223
16781319
16781319
7
0
1024
0
0
2
600002
0
0
OFF
0
60000
0
0
9000000
OFF
9000000
0
0
OFF
0
0
0
1000000
1008000
1008200
1008232
2056808
ON
2056812
35611244
ON
35611244
5
OFF
5
OFF
0
20000
20004
2
2
2
OFF
2000000002
2000000002
2000000258
2000000256
2000131328
OFF
2
2
2
2
258
258
258
2097410
2097410
2097410
270532866
6
0
30000
330000
329984
319984
33874416
33674416
33673392
0
0
32
2080
2080
2080
4196384
8
0
10000
0
OFF
0
32
32
32
0
30000000
30000000
29999744
OFF
30000768
90000768
90000768
ON
90000768
10090000768
10090000768
10090000768
895147011
895147075
895155267
0
0
0
OFF
2097152
2093152
1568864
1552480
5
5
OFF
0
0
0
0
0
0
32
32
0
5000000000
5000000002
5000000202
4463129290
OFF
0
134217728
134217732
134217732
1
0
3000
3000
3
3
7
7
16391
16391
16391
16647
0
OFF
0
100000
OFF
100004
134317732
OFF
7
0
0
0
4194304
OFF
4
524292
4
100004
100704
40100704
10100704
10107704
10107704
10107704
10107708
10107708
10107708
10103612
1
OFF
OFF
1
513
413
16777629
OFF
16908701
16908701
0
0
OFF
0
OFF
128
0
4000000
0
2048
2648
ON
2648
2099800
2099200
2099200
9
1
0
0
128
0
0
67108864
69206016
69337088
69337088
OFF
69337088
OFF
69337088
203554816
2
OFF
4002
4082
8178
ON
536879090
536879090
6
1
0
100000
0
OFF
0
536870912
436870912
8
1048584
OFF
1048584
OFF
1049096
OFF
1057288
OFF
1057688
1057688
7001057688
7001057688
7001057688
OFF
1
1
1
401
401
0
16
524304
786448
1000786448
1010786448
1
0
OFF
2048
0
8000000
8000000
8
0
700000
700002
0
0
100000
99488
361632
1000361632
OFF
1000361232
1000361262
0
OFF
6000000
0
0
9000000000
9000000000
9000008192
9000008192
9000008192
OFF
9000008192
9000008195
8
264
264
OFF
1000264
1000264
OFF
ON
1033032
OFF
0
500
3500
1452
0
7000000
0
1000
1030
OFF
1030
OFF
OFF
1030
3
3
8003
9008003
0
0
60
60
OFF
52
0
0
2
4098
4098
0
OFF
0
4000
2976
2976
2976
OFF
OFF
21076
1
OFF
OFF
1
OFF
OFF
11
OFF
11
11
524299
2
2
6
2097158
2097222
OFF
7
7
OFF
77
OFF
100077
100077
100097
ON
0
900000000
900000000
940000000
9
32777
932777
0
OFF
OFF
0
5000
OFF
OFF
0
0
0
0
OFF
4000000000
4000000000
4000000001
ON
OFF
4
9000000004
4000000004
ON
ON
4000000004
0
0
800000
800032
800032
800032
800032
0
0
0
0
16777216
0
0
0
3000000
OFF
3009000
4057576
4
OFF
4
OFF
4
80004
80004
ON
80004
80260
60080260
60080260
ON
60050260
60050260
60050260
60050250
60050250
ON
60050550
60050551
60050551
OFF
60050851
194268579
ON
194268595
194278595
194278595
154278595
154294979
154294978
7
7
2097159
OFF
2002097159
2002097159
OFF
2002097159
2002097159
2002097167
2062097167
OFF
2
OFF
OFF
400002
300002
0
0
OFF
0
50000000
0
0
1024
1024
1024
OFF
16778240
OFF
316778240
316778240
316778240
OFF
316778244
0
OFF
0
16777216
6
96
96
0
0
0
0
OFF
OFF
0
128
2
0
1000
0
0
64
68
68
OFF
0
0
0
0
0
0
0
OFF
50000000
50000000
50000000
250000000
2510000000
0
0
5000000000
4966445568
4966445568
4966441472
4936441472
4936437376
4936435328
4935386752
4935419520
4935419520
OFF
4936468096
4936468100
4936468100
4936468100
4936468100
OFF
OFF
4936468164
4936468114
4
OFF
ON
0
0
4
0
0
536870912
OFF
536870944
536871072
536841072
535792496
535795496
OFF
9
9
OFF
16393
OFF
400016393
3
OFF
3
3
800003
800001
1
1048577
1048577
1001048577
4
1004
0
0
0
0
OFF
0
0
0
16
OFF
48
8
8
0
OFF
0
9000000
OFF
809000000
OFF
807951424
807951424
807951414
OFF
ON
807951414
OFF
808016950
808016850
808016850
808016850
807016850
6
6
0
6000000000
6000010000
6000010000
6000010000
6000010000
6000011000
ON
6000011000
6000009976
0
OFF
OFF
OFF
OFF
0
16777216
16777216
2
OFF
502
498
300498
OFF
241633246
ON
237438942
237438942
ON
237176798
OFF
OFF
9
40000009
40000137
40008329
OFF
8040008329
8038959753
8038953753
OFF
80389103753
OFF
3
3
4099
OFF
0
0
131072
100131072
100131136
6
7
1000007
999943
3
200000003
0
0
OFF
300
300
0
30000
21808
2021808
2021808
2005424
2002005424
2136223152
2136223192
OFF
2136223192
2136239576
2116239576
2116239576
2
202
OFF
2097354
OFF
OFF
202
202
202
206
OFF
3206
60003206
ON
60527494
60527494
ON
OFF
60396422
60396422
60396422
OFF
60316422
ON
60316422
4
0
OFF
OFF
0
0
4
OFF
0
0
2048
6144
OFF
OFF
14336
536885248
536885248
6
ON
0
0
0
0
0
500000000
ON
500000000
500000000
OFF
500000000
500000000
0
8388608
8388648
8388638
OFF
8388438
75497302
75197302
75197302
55197302
551971002
OFF
ON
551972026
547777722
OFF
547777722
547777722
4
4
OFF
4
100000004
108000004
ON
0
OFF
0
0
0
32768
OFF
OFF
OFF
OFF
0
256
100000256
100000256
OFF
100000256
OFF
OFF
100000256
100000256
100000256
2
4194306
4202498
4
536870916
536870916
OFF
536879108
OFF
537141252
541335556
541335516
541335516
541335519
541335519
ON
ON
541335119
541335375
541435375
ON
541435367
ON
541435367
541435667
541435666
541435666
541435666
5
5
OFF
262149
0
OFF
16384
16384
OFF
16384
33570816
33570817
OFF
OFF
33570817
33571329
33571323
OFF
33571323
33571323
OFF
16891
16831
OFF
16431
OFF
0
32768
32768
32769
OFF
2
82
0
0
OFF
8192
8192
OFF
0
OFF
0
4
0
0
100000000
OFF
100000512
100008512
100008640
0
0
16
1
1
0
0
90
OFF
8282
0
0
524288
100524288
100524288
100524288
100524288
OFF
1
1
1
OFF
OFF
OFF
1
1
9000001
9000001
9000001
9000001
42554433
5
2000000005
2000000021
OFF
2000000021
OFF
ON
0
0
0
0
0
32
32
OFF
32
OFF
OFF
524320
7000524320
ON
OFF
ON
7000540704
7000540704
OFF
7000544704
ON
7000544304
0
0
1
0
40000000
ON
OFF
OFF
0
5000
5000
0
100000000
100000900
ON
99738756
99738756
OFF
99788756
ON
ON
99790804
99790304
OFF
ON
0
128
10128
2
2
OFF
2
900000002
899737858
ON
OFF
ON
7
0
2048
7002048
7002048
6477760
7
7
OFF
2055
9002055
OFF
9002355
9
OFF
9
10000000009
10000000073
9999475785
10003670089
10003670089
10003670089
8
70000008
0
1000
1000
0
0
OFF
1024
1724
700
700
3700
0
0
OFF
0
OFF
OFF
OFF
0
OFF
1000000
868928
838928
8
262152
252152
2349304
OFF
2349304
ON
9
32777
32776
0
0
OFF
OFF
5000000000
5000040000
5000040000
4463169088
OFF
4465266240
OFF
2
2
514
OFF
8389122
2
0
33554432
39554432
OFF
OFF
39554432
39554832
39554832
339554832
ON
3
65539
40065539
40065539
40065539
5
OFF
1000005
ON
0
OFF
0
OFF
OFF
0
10000000000
10000000000
0
131072
131072
131328
OFF
1
16777217
16908289
16910337
16908289
16909313
OFF
17171457
1
10000000001
10000008001
1
257
259
OFF
4194563
ON
4
0
30000000
0
0
256
0
0
0
0
16777216
16793600
OFF
3
0
OFF
OFF
0
0
0
OFF
0
0
0
OFF
300000000
0
80000
80000
33634432
OFF
OFF
33634448
80016
OFF
134297744
4
0
800000000
800000000
799475712
ON
799475712
OFF
2
262146
67371010
604241922
OFF
OFF
872677378
2
90002
90002
90002
OFF
ON
700090002
740090002
ON
7
ON
0
OFF
262144
OFF
2
902
9
OFF
OFF
9
11
11
OFF
0
1024
0
2097152
2105344
2105344
2105352
ON
2105480
OFF
2505480
2505480
0
0
256
131328
OFF
OFF
133376
133392
143392
ON
0
OFF
0
1048576
1048576
1050624
1050624
1050624
2
OFF
2050
10000002050
10004196354
10138414082
10171968514
ON
ON
10171968519
OFF
10171968519
10167774215
10767774215
10761774215
10795328647
10795328679
OFF
10795329191
10795329191
11063764647
11063764645
11072153253
11072153253
11139262117
6
33554438
OFF
33554438
33559438
310559438
380559438
386559438
386558414
386558414
ON
386558415
OFF
386558415
ON
386556367
ON
386589135
0
0
4
4
0
OFF
2
7002
7002
0
0
100
OFF
100
OFF
0
0
OFF
OFF
0
0
128
128
32896
0
0
OFF
0
OFF
700000000
0
0
0
16
0
2048
0
0
400000000
0
OFF
0
OFF
OFF
0
OFF
2048
OFF
0
OFF
OFF
0
0
0
100000000
1
OFF
OFF
0
0
0
6000000
OFF
14388608
14388608
14388608
14388608
19388608
19386560
OFF
19386560
0
OFF
OFF
0
16
17
65553
OFF
OFF
0
0
0
65536
65536
65536
65537
65537
OFF
65537
0
16777216
16777216
1
0
0
0
2048
0
0
4096
4096
5096
2102248
OFF
18879464
23073768
23013768
2
0
0
20
OFF
OFF
0
0
65536
65546
100065546
102065546
102065546
102065546
4
OFF
64
64
564
6000000564
61000000564
4
0
OFF
8192
8192
708192
5708192
57081092
5
5
OFF
4
30004
100004
0
0
OFF
0
OFF
1024
0
0
0
0
0
32
2080
2
OFF
9000002
9300002
9350002
OFF
9350002
0
33554432
33554432
33551432
ON
33289288
2
62
OFF
126
OFF
126
0
80000000
880000000
880000000
880016384
880016684
ON
6
OFF
OFF
9006
6
0
3
200003
ON
200011
OFF
200011
OFF
0
9
3009
0
OFF
OFF
OFF
0
100000000
100060000
100060000
109060000
109060005
ON
1
1
1
0
0
32
96
OFF
95
3000000095
3000000091
1
0
50
50
OFF
34
34
OFF
0
OFF
0
0
0
67108864
67108864
67174400
OFF
0
0
0
OFF
0
8
8
32776
32176
0
1000000
1000000
1000000
201000000
OFF
201000000
0
0
0
0
0
0
OFF
0
8
8
131080
131080
131112
163880
6
2054
0
20000000
0
OFF
200000
200003
OFF
200003
7000200003
ON
ON
70002001003
70082001003
0
0
500000
500000
500000
ON
500128
369056
800369056
ON
800369056
800369052
ON
ON
800366052
6
262150
262150
262150
232150
OFF
OFF
232950
232886
ON
236886
8
5000000008
ON
5000000008
0
OFF
OFF
8
0
512
512
262656
2
536870914
0
262144
262344
1000262344
1050262344
1
0
268435456
6
6
OFF
131078
2131078
0
0
10000
10090
10090
1000010090
1000010090
ON
1000010094
0
0
2097152
2
67108866
6
6
OFF
OFF
6
6
6
6
0
800000
800000
OFF
800000
800000
799744
ON
OFF
799744
800000
800512
0
1000000000
1000000000
1
601
500000601
8500000601
8500016985
OFF
9
39
639
639
9
OFF
8388617
OFF
8388617
8388617
8388617
8388617
8388617
8388617
8389641
8389641
12583945
12583965
OFF
1
201
0
0
300
2348
18732
1067308
1067308
1067308
8
0
0
1000
0
0
8388608
8912896
8912896
8917896
OFF
508917896
508317896
OFF
6
6
4102
528390
0
5
OFF
524293
OFF
5524293
5524293
5524289
5524289
5524289
OFF
4005524289
4305524289
3
3
8388611
OFF
8388611
8389123
9
67108873
67107873
67042337
67042337
3
1048579
OFF
1048579
1310723
269746179
1269746179
1269744131
1269744131
OFF
7
OFF
OFF
0
0
0
1
4194305
OFF
OFF
6291457
0
0
1000000
934464
68043328
68043328
68045376
68045376
8
67108872
67108872
OFF
ON
OFF
69206024
69206024
OFF
OFF
OFF
69206024
9
OFF
8201
8201
0
OFF
4096
OFF
OFF
4096
8392704
8654848
8
1008
1208
1208
1238
34006
OFF
OFF
34006
34014
0
80000000
79737856
0
0
2000
0
4
4
OFF
32772
9032772
90102772
1
2097153
OFF
OFF
OFF
2
2
OFF
OFF
OFF
0
60000
59968
59968
60992
OFF
OFF
60992
60992
OFF
60992
ON
0
0
400
406
406
406
390
390
OFF
ON
80965463
OFF
80965463
ON
ON
80965463
80964951
3080964951
3080973143
ON
3080973643
30809731043
ON
30809731023
30809731021
308097310101
308097310101
ON
OFF
308097310101
308097310085
308397310085
3
OFF
603
33555035
33555039
33555039
5
OFF
13
45
45
45
545
545
0
0
0
OFF
536870912
0
60000000
0
20
20
20
2
2
OFF
102
102
80102
80102
268515558
5
0
OFF
0
30
OFF
OFF
30
22
1000000022
1000000022
1000000025
1000000025
991611417
991611417
991611417
OFF
857393689
857393789
3
600000003
600000003
OFF
600000003
OFF
OFF
600000001
600001001
600001001
0
0
0
900
900
1049476
OFF
10494106
110494106
110494306
110494308
110494318
110494318
110484318
4
0
700
6000000700
6000000684
10000000684
10005000684
10005000684
8
0
65536
OFF
55536
800055536
0
0
600
600
600
600
OFF
600
600
OFF
6
6
ON
0
0
90000
90080
90090080
ON
OFF
0
0
0
OFF
6000
33560432
33560440
33260440
OFF
ON
OFF
33227672
32179096
ON
32189096
3
0
0
OFF
OFF
0
0
0
OFF
67108864
67108864
67808864
0
0
OFF
0
0
4
4
4
4
OFF
0
0
0
1
0
32
32
4194336
4194337
4194337
OFF
0
500000
OFF
500007
3000500007
3000505007
OFF
3000505007
3000504975
3000506975
3000506975
2463636063
2463636063
2463636063
2463646063
2463646191
ON
2463666191
2463666191
6
6
OFF
0
131072
1000131072
1000131072
1
OFF
50000001
50000007
50900007
59900007
59900135
59900135
9
OFF
OFF
ON
1000000009
1000000009
966445577
0
1
0
90000000
0
0
0
0
0
OFF
OFF
16
0
8388608
8396800
8396800
8696800
8696800
1008696800
1008696800
1058696800
1058696801
6
32774
32674
ON
556962
552962
552962
OFF
134770690
0
OFF
OFF
0
0
700000
700000
700000
0
0
0
OFF
0
512
0
0
60
8388668
0
0
2097152
ON
0
700000000
699999488
3699999488
ON
3696999488
4696999488
4
4
0
OFF
6000
0
1024
0
10000000
10000060
11000060
11000028
11020028
11020028
11020028
0
OFF
0
0
0
0
0
OFF
131072
4325376
OFF
6422528
2
OFF
OFF
OFF
OFF
2
500000002
540000002
5540000002
5539934466
5539934530
OFF
5539934530
5539934530
5539934530
ON
5539934530
5539934466
5539934466
5539934978
5539934978
9
0
OFF
OFF
0
60
188
186
1048762
1048762
OFF
135266490
135274682
OFF
1
31
0
0
32768
40960
ON
0
0
0
30
0
2
OFF
OFF
70002
OFF
OFF
0
0
4000000000
4008000000
4008000000
4008000000
4007737856
3
70003
0
128
5000128
50100128
ON
0
600000
6100000
6100900
61100900
0
OFF
OFF
0
OFF
0
80
82
82
OFF
82
0
0
OFF
OFF
0
OFF
OFF
OFF
0
0
0
0
70000
70000
70000
10070000
1
1
8
OFF
6008
6008
0
OFF
8388608
8388608
8
72
0
OFF
256
256
256
OFF
256
60256
60000
100060000
100060200
1
301
200301
208493
900208493
OFF
ON
8
OFF
40
OFF
0
6000000000
OFF
6
0
70000
ON
7
134217735
134225927
OFF
OFF
OFF
134228927
ON
134228927
4
0
0
2000000
OFF
1967232
10355840
10255840
10235840
10235712
5
0
0
1
OFF
1
8388609
8188609
8188409
8188281
8188281
276623737
7
0
60000
0
OFF
0
3
19
51
40051
OFF
ON
40035
4
4
2097156
538968068
538968568
6
8388614
OFF
OFF
8390662
8390662
75499526
35499526
ON
OFF
35496526
102605390
6
706
578
578
0
0
OFF
OFF
0
10000000000
ON
0
OFF
0
0
0
OFF
7
7
7
131079
9
0
0
30
30
0
60000000
600010000
ON
0
OFF
20
10
1048586
OFF
1049586
1049586
OFF
OFF
1049586
OFF
ON
0
8192
6192
OFF
6192
6192
67115056
67115056
67115056
OFF
OFF
0
8388608
OFF
8388608
108388608
108388608
168388608
168388648
ON
6
6
36
0
OFF
8
4194312
20971528
7
7
30007
2127159
2127159
0
OFF
0
20000000
0
200000000
0
40
300000040
0
0
1024
601024
601224
2
OFF
32
0
9
0
OFF
32768
3
OFF
0
0
0
2048
0
0
0
134217728
OFF
1
16385
OFF
10000016385
10000016417
10000016117
OFF
10000007925
10001007925
10001007985
ON
10001707985
9934599121
OFF
1
0
OFF
0
5000000
541870912
ON
OFF
531870912
531871424
531863232
ON
531863236
1068734148
1068734148
ON
ON
10068734148
10068734118
8
OFF
OFF
0
0
OFF
0
OFF
OFF
0
OFF
OFF
70000000
70000008
70000028
73000028
0
536870912
537395200
3
83
8083
8053
3
OFF
0
536870912
2
102
102
102
67108966
67108266
0
OFF
0
6000000
0
0
8
OFF
OFF
OFF
OFF
OFF
OFF
8
8
8
0
6000000000
6000000000
0
OFF
536870912
5106870912
5106870912
5106870912
1
1
201
OFF
201
201
OFF
OFF
0
16384
OFF
16384
OFF
4
ON
131076
2000131076
ON
0
0
OFF
0
2048
OFF
2748
0
0
0
8388608
8388608
OFF
ON
6
0
OFF
1024
1024
8389632
OFF
8389640
108389640
4108389640
4108389640
1
6000001
6000033
0
60
1000000060
0
300
300
2348
1050924
OFF
51050924
51050924
51050925
55245229
2
OFF
OFF
2
514
5
21
60000021
1
OFF
1
OFF
401
1425
101425
101425
117809
1178109
0
0
16384
OFF
16388
67125252
67123252
10067123252
OFF
10067123254
10047123254
0
33554432
OFF
0
0
OFF
0
80000000
0
300
100300
100300
1
0
OFF
8388608
3
0
10
0
6
8388614
6
9000006
9000006
9000006
OFF
9000006
9000022
9000022
8934486
8933462
8933462
OFF
8933462
8409174
8409174
0
0
0
0
50000000
50000000
30000000
0
1
1
OFF
1
OFF
OFF
0
OFF
0
0
512
0
0
0
OFF
8388608
OFF
276824064
276832256
276832256
276833280
OFF
276863280
276863280
OFF
281057584
281057328
7
0
0
0
0
OFF
300000000
300000000
300000000
300000090
ON
ON
OFF
OFF
300000090
ON
297902938
2979029310
OFF
OFF
2
2
40002
0
600
0
20000000
20000000
20004096
20004096
20004096
OFF
20004096
288439552
8
1048584
OFF
1048584
OFF
1048584
537919496
9
73
201
0
0
0
OFF
OFF
OFF
OFF
0
300000
300800
0
8192
OFF
532480
532480
17309696
17309696
3
OFF
0
0
0
0
2
60000002
60000002
60006002
ON
51617394
5
32773
432773
OFF
4
0
0
OFF
OFF
OFF
0
65536
0
262144
8650752
0
0
0
90000000
90000000
0
10000000000
0
OFF
0
OFF
0
OFF
0
0
1
4
112987978
112987978
112987978
1110987978
1110937978
OFF
ON
1110967978
1110967918
1
1
1
0
OFF
OFF
OFF
2097152
0
0
OFF
0
500000000
499737856
499737872
OFF
0
8
8
7008
0
8
28
28
0
OFF
4096
0
0
0
0
0
0
OFF
0
0
8192
OFF
OFF
24576
24576
24576
5
133
131
80131
80131
OFF
OFF
80138
536951050
0
0
1
OFF
8193
67117057
OFF
7067117057
70671107057
ON
0
0
131072
133120
OFF
2048
67110912
67110912
1
1
1
OFF
1
1
10000000001
0
0
0
0
900000
900006
897958
68006822
OFF
68007822
68027822
68027822
ON
68047822
OFF
68047822
368047822
4
OFF
4
33554436
3
3
3
259
259
0
OFF
OFF
0
0
100000000
100000000
101000000
401000000
0
0
512
0
40000
40000
400100
400130
400130
0
0
OFF
2000000000
2000000050
0
0
OFF
8388608
8650752
8650755
OFF
8650755
OFF
8658947
0
0
4096
536875008
536872008
5310872008
5315066312
5315066312
ON
ON
5315066312
5314804168
53148041068
53148041068
53148041168
4
0
300000000
300000000
300000001
31564545
0
10
6000000010
0
0
OFF
0
OFF
0
OFF
OFF
0
128
8128
0
0
65536
300065536
300465536
300465536
300465544
300464544
300461544
800461544
6
0
0
OFF
0
0
256
0
128
OFF
131200
ON
131200
131200
67240064
OFF
OFF
OFF
100794496
369229952
369229952
369229952
6
2000000006
1997902854
1997902654
1992902654
ON
1991902654
1991912654
1
1
134217729
3
1
1025
OFF
1025
1281
OFF
2
2
70000002
70131074
204348802
ON
204148802
ON
208343106
208343106
208212034
OFF
208212034
ON
205212034
205216130
1
7000001
7000071
ON
OFF
OFF
7000071
7000069
8048645
OFF
8048645
8048645
16437253
16437253
14340101
OFF
14340357
14340357
OFF
514340357
5143403107
5143408107
5143408107
5143408106
ON
OFF
1
0
0
4194304
41104304
41103792
OFF
7041103792
2041103792
2041103794
2041103794
2041203794
2041203826
2041203826
2041203826
2041203826
2041203794
4
0
OFF
16
524304
5243010
5243010
3
1
1
OFF
536870913
536870913
536870913
536870916
0
6
OFF
6
7
0
2
7000002
307000002
307008002
307073538
307973538
307373538
441591266
OFF
4
4
5004
4
0
0
0
OFF
64
64
1088
0
67108864
OFF
67108864
67108864
8
0
0
0
OFF
OFF
90
0
800000000
800000000
800032768
8
0
OFF
0
16
OFF
OFF
7000000016
ON
ON
7000000016
7000000016
6
0
128
178
OFF
524466
524496
524796
524796
7
8199
0
20
1048596
OFF
OFF
11048596
279484052
279484052
279484052
2
100002
0
0
65536
134283264
3
0
300000000
434217728
4
OFF
OFF
4
260
260
0
8
0
0
500000000
500000000
499934464
499934464
499934464
OFF
9
9
9
262153
OFF
262153
OFF
262153
0
0
0
1000
OFF
OFF
33555432
5
5
2000000005
OFF
2000000005
1966445573
5
5
0
4096
OFF
536875008
536875008
6
6
0
500000
500001
500001
0
OFF
200
200
800200
800136
802184
802184
2000802184
ON
1967247752
1967247756
5967247756
2
32770
OFF
OFF
32770
200032770
200832770
200832770
201094914
ON
241094914
4
10
65546
OFF
65546
6
6
OFF
OFF
67108870
OFF
67108870
67108870
67118870
67118870
67118850
75507458
ON
OFF
OFF
75507522
75507522
75507522
ON
75523906
75523906
9
32777
0
OFF
0
100000
231072
OFF
OFF
2
802
OFF
802
802
0
OFF
0
600
0
0
524288
100524288
33415424
33415428
33415428
3
OFF
OFF
4000003
3
OFF
OFF
OFF
1000003
1000003
0
16384
16324
16326
8404934
8
8
10000000008
ON
10000001008
10000003008
10000003009
10000003009
OFF
10000003009
ON
0
OFF
128
130
0
300000
OFF
0
800
0
334798254
66362798
9
OFF
3000009
3090009
OFF
3090041
ON
3122809
3112809
4112809
4112809
4112809
4112873
4712873
OFF
ON
4712873
0
0
0
100
102
OFF
32870
OFF
0
65536
OFF
65664
65920
0
0
5
5
OFF
OFF
0
400000
400032
400034
400234
400234
400234
ON
400234
0
400000
400000
600400000
OFF
0
33554432
33554688
33554688
34078976
OFF
ON
ON
4034078976
ON
4067633408
OFF
4067633208
4067633208
6
0
512
512
512
50000512
5
5
0
0
OFF
0
OFF
80
80
OFF
30
30
38
OFF
7000000038
7000000054
7000000054
7000000056
7000000086
0
OFF
0
OFF
2048
67584
400067584
400198656
OFF
ON
400198656
400198660
OFF
400188660
400188660
OFF
400189172
400189172
400189172
400189172
400188148
490188148
490188148
8
OFF
67108872
OFF
67108472
671084710
671084708
4671084708
ON
4671024708
7
OFF
7
7
3007
3007
3007
3003
3003
3003
3
3
50000003
50000515
1
0
300
ON
134218028
1
800000001
800008001
0
0
OFF
131072
OFF
16908288
9
0
134217728
134479872
OFF
134479872
OFF
OFF
201588736
201588336
0
40000000
OFF
0
90
346
9000000346
9001000346
9008000346
9008000346
ON
9008000344
4
4
0
4000
3968
8
2000000008
2000000008
0
0
OFF
0
0
2
OFF
0
OFF
0
0
2
32
0
OFF
0
OFF
0
0
0
1048576
OFF
1048576
1048576
7
16391
0
OFF
0
2097152
2097112
1
3000000001
ON
1
1
601
OFF
6
6
0
16384
1
0
0
OFF
OFF
131072
OFF
121072
121072
621072
2
514
2000514
0
0
70
0
0
0
256
256
256
OFF
OFF
OFF
262400
262400
262400
262400
1062400
OFF
6
ON
OFF
6
500006
100500006
100500006
102500006
0
0
OFF
0
268435456
OFF
268437456
OFF
4
0
0
600000000
583222784
583222784
2
2
2
2
6
16777222
16777222
OFF
18874374
18874374
18874374
8
10
3010
2882
2882
52882
52754
0
256
8388864
0
0
65536
OFF
65600
1114176
OFF
1114176
17891392
OFF
67891392
67891312
67891312
OFF
67891315
678911015
712465447
6
33554438
33554438
OFF
OFF
33554950
5033554950
5
80005
604293
604293
604293
604233
537475145
604233
79945
79945
7
7
0
4194304
4
OFF
0
60
16777276
150995004
152043580
852043580
OFF
3
800000003
800000003
800000003
ON
800000003
800000002
800000002
800800002
800800002
800800002
OFF
800860002
800860018
800991090
800990578
264119666
1
1000000001
999475713
999475716
999473668
982696452
9
6000000009
6000000008
60000010008
ON
ON
0
10
10000010
10000010
ON
0
10000000
100000100
0
OFF
90
90
524378
524890
0
0
900000
899744
ON
299744
0
0
4000000
4016384
1919232
1919232
270354688
10270354688
10270387456
ON
ON
OFF
10277387456
7
10000007
10000006
0
OFF
OFF
1048576
OFF
OFF
1048576
7
OFF
OFF
OFF
0
0
0
0
OFF
0
OFF
16
16
5000016
21777232
21777232
51777232
51777232
51777232
51677232
OFF
51677232
OFF
18122800
15122800
OFF
15122800
16171376
16173424
16181616
16381616
16381616
3
900003
867235
967235
965235
OFF
963187
7
0
0
0
0
0
OFF
0
OFF
0
80000
80700
OFF
3080700
4080700
ON
3080700
0
32
OFF
67108896
567108896
567108896
567043360
567043360
567043360
567043360
567043390
OFF
OFF
3567043390
3567043390
OFF
3567043390
3567043320
OFF
OFF
3566781176
3566764792
1566764792
6
0
80000000
80000000
OFF
80100000
12991136
9
9
8009
0
4000
36768
33591200
OFF
33591200
33591200
OFF
1
1
0
0
0
0
0
OFF
OFF
10
OFF
10
OFF
OFF
OFF
10000010
10000040
ON
10000045
OFF
ON
10000045
OFF
2010000045
2009475757
2009475757
OFF
2009475757
4
3000000004
0
0
0
OFF
0
0
OFF
0
0
50000000
50000000
117108864
8
8
8
OFF
0
0
0
0
0
536870912
OFF
536870912
6
100000006
ON
100004102
100004102
OFF
99987718
9
OFF
90000009
OFF
90000009
90000009
0
4000000000
OFF
4000000000
4268435456
42610435456
42610435256
OFF
42617435256
1
OFF
OFF
4097
9
400009
0
OFF
0
0
200000000
200000000
200000004
200000000
ON
0
OFF
900000000
909000000
908999744
OFF
908999734
7
134217735
1342177105
1342177105
ON
13421107105
13421101105
0
0
OFF
0
0
OFF
60000000
0
OFF
80000000
0
0
2
42
10
OFF
700010
704106
6
8198
708198
708198
OFF
OFF
708198
OFF
708898
708818
2805970
OFF
2805970
2805960
2805960
OFF
ON
OFF
2805964
2814156
2002814156
OFF
2002814412
2002945484
2002945484
9
OFF
0
0
OFF
0
1000000
1000000
OFF
4001000000
4001000006
OFF
4008000006
4276435462
4216435462
4226435462
4
0
OFF
0
0
0
OFF
0
0
2048
OFF
2048
18432
18432
18440
134236168
OFF
0
900000000
900003000
ON
900005000
900805000
899756424
899756416
OFF
OFF
OFF
899776416
OFF
ON
5899776416
5899776416
5899776416
5899776288
8
0
33554432
335104432
335104432
ON
OFF
4
60000004
60008004
60008004
60008504
ON
60008504
60008508
30008508
0
1000000
0
9000000
9000016
39000016
0
0
OFF
0
1000000000
1000000064
3000000064
0
0
0
0
0
600
8792
0
32
40032
9040032
OFF
9040032
4
0
0
OFF
0
OFF
0
OFF
8388608
OFF
OFF
88388608
0
64
64
64
600064
OFF
600064
4
524292
2
10
10
0
5
7
7
OFF
9007
ON
9007
8397615
6
406
0
0
1048576
1081344
8
0
OFF
OFF
OFF
0
OFF
0
OFF
0
67108864
OFF
67108874
67108874
67108874
OFF
67108874
67108874
1
0
OFF
0
0
90000000
90000004
4
OFF
1048580
OFF
5242884
OFF
8
OFF
OFF
0
2048
268437504
218437504
OFF
OFF
ON
0
0
0
0
131072
132072
0
0
0
0
0
0
0
32768
7
33554439
OFF
OFF
33554439
33554439
33554439
33554439
OFF
33554429
33554449
33554449
33554449
33554449
4033554449
4033554449
ON
OFF
4133554449
ON
4134603025
4134603057
7
40000007
40001031
47001031
OFF
27001031
27001063
827001063
827001063
827017447
4
0
600000
600020
600820
34155252
84155252
84155252
ON
ON
5
5
8000005
7008000005
7007967237
OFF
7
0
OFF
0
OFF
0
0
